0.004913
-0.000092
0.000946
0.002869
0.005249
0.010010
0.013764
0.015809
0.017945
0.018708
0.015503
0.013428
0.015320
0.018189
0.024964
0.031007
0.025575
0.016205
0.012207
0.012268
0.017823
0.025239
0.025971
0.024842
0.030610
0.035890
0.040956
0.044893
0.048585
0.049959
0.049898
0.057009
0.072024
0.083682
0.088412
0.091830
0.094546
0.094363
0.088107
0.082308
0.077975
0.069643
0.058382
0.050752
0.046327
0.041536
0.033540
0.028748
0.028504
0.029786
0.026460
0.018738
0.009583
0.000519
-0.006134
-0.012940
-0.024720
-0.036592
-0.044496
-0.057344
-0.070040
-0.073092
-0.076540
-0.085269
-0.094455
-0.100345
-0.101382
-0.101993
-0.109043
-0.122135
-0.135411
-0.142949
-0.131779
-0.117832
-0.115360
-0.121128
-0.128330
-0.130650
-0.137425
-0.151830
-0.162816
-0.164892
-0.156590
-0.141179
-0.132572
-0.133030
-0.135350
-0.137730
-0.139439
-0.140934
-0.142308
-0.137791
-0.123600
-0.107974
-0.106449
-0.113254
-0.117954
-0.119053
-0.116092
-0.106754
-0.096835
-0.093783
-0.095523
-0.098239
-0.094028
-0.081668
-0.066225
-0.053713
-0.049837
-0.052339
-0.056215
-0.059786
-0.051180
-0.032380
-0.022950
-0.016938
-0.005646
-0.001312
-0.000519
-0.002899
-0.007141
-0.005493
-0.002167
0.002747
0.012543
0.020783
0.026856
0.028871
0.026429
0.026551
0.028779
0.033235
0.044923
0.061769
0.073183
0.070772
0.060427
0.057039
0.057222
0.051485
0.048433
0.057039
0.065157
0.061617
0.043550
0.022156
0.002258
-0.030152
-0.082278
-0.128758
-0.148412
-0.153294
-0.150822
-0.135655
-0.111698
-0.084140
-0.054994
-0.034150
-0.016175
0.011841
0.046266
0.073367
0.084872
0.090457
0.100253
0.108158
0.111332
0.115390
0.114475
0.105441
0.101535
0.107517
0.112094
0.112064
0.116550
0.124912
0.129002
0.128819
0.131657
0.142308
0.157842
0.168004
0.169774
0.172430
0.178381
0.183660
0.188757
0.193945
0.196265
0.188452
0.178777
0.181402
0.188391
0.185217
0.168371
0.147282
0.132725
0.125095
0.117801
0.106662
0.092746
0.085269
0.090609
0.098514
0.101657
0.099643
0.095737
0.091220
0.083071
0.079257
0.082003
0.078646
0.068270
0.045534
0.017792
0.009827
0.000092
-0.081332
-0.225501
-0.325755
-0.331736
-0.298746
-0.269631
-0.223426
-0.147252
-0.114658
-0.146031
-0.070772
0.192450
0.448531
0.543138
0.501694
0.363201
0.162236
-0.013428
-0.045503
0.125431
0.333415
0.369732
0.338298
0.375988
0.416700
0.412244
0.389843
0.381298
0.385876
0.343120
0.243202
0.166631
0.148320
0.091464
-0.077212
-0.216163
-0.151402
0.003082
0.042879
-0.003784
0.010620
0.131657
0.254891
0.270943
0.230781
0.235328
0.274850
0.291055
0.256508
0.192694
0.147893
0.131718
0.115452
0.085330
0.054018
0.047182
0.057436
0.058870
0.045900
0.033601
0.026887
0.018708
0.000580
-0.027284
-0.053682
-0.067690
-0.019501
0.057558
-0.015046
-0.273141
-0.472091
-0.419202
-0.199316
-0.007111
0.031495
-0.119236
-0.374310
-0.535356
-0.444685
-0.188482
0.036012
0.146153
0.181433
0.229621
0.286905
0.258583
0.119694
-0.072268
-0.284036
-0.484085
-0.618061
-0.694327
-0.770074
-0.802881
-0.752342
-0.691885
-0.639607
-0.525681
-0.323985
-0.100070
-0.001465
-0.043855
-0.076693
-0.069155
-0.103153
-0.171636
-0.220130
-0.242958
-0.260079
-0.281320
-0.310343
-0.361644
-0.426923
-0.466689
-0.471969
-0.449110
-0.415204
-0.392956
-0.379162
-0.357219
-0.324076
-0.293130
-0.273476
-0.255684
-0.236915
-0.225135
-0.221656
-0.229652
-0.236885
-0.237465
-0.238044
-0.229621
-0.215339
-0.204779
-0.188269
-0.171484
-0.162145
-0.156346
-0.155950
-0.160344
-0.161901
-0.156835
-0.145940
-0.130985
-0.124241
-0.126774
-0.126011
-0.125309
-0.130009
-0.130314
-0.119358
-0.107486
-0.103214
-0.100497
-0.088900
-0.074007
-0.064943
-0.051210
-0.037507
-0.035829
-0.042299
-0.027589
0.030000
0.084811
0.082980
0.036439
0.002350
0.020631
0.053194
0.038148
0.006958
0.007385
0.020203
0.009735
-0.006653
0.023774
0.120975
0.239723
0.319803
0.328379
0.289712
0.256722
0.247169
0.228370
0.197333
0.191992
0.212165
0.232337
0.239662
0.245613
0.279305
0.330882
0.337321
0.293313
0.239296
0.185034
0.121372
0.059816
0.013855
-0.017365
-0.042756
-0.029725
0.081790
0.264779
0.428877
0.540483
0.605396
0.634846
0.641224
0.601306
0.483077
0.303964
0.141362
0.077120
0.107913
0.155614
0.159886
0.119175
0.067171
0.041353
0.058321
0.100894
0.137974
0.150456
0.158208
0.175237
0.189673
0.197180
0.194708
0.184790
0.171880
0.128819
0.049165
-0.026246
-0.064882
-0.069674
-0.086276
-0.131260
-0.148686
-0.081301
0.042146
0.122593
0.119510
0.095065
0.119510
0.217017
0.350993
0.502396
0.677969
0.819361
0.859584
0.801141
0.692434
0.596698
0.528672
0.452223
0.361797
0.265694
0.179571
0.131535
0.107334
0.076479
0.054231
0.064425
0.096591
0.116733
0.087558
-0.003204
-0.109104
-0.175634
-0.204810
-0.204443
-0.158300
-0.059633
0.062716
0.147343
0.170873
0.149632
0.093356
0.017121
-0.056490
-0.099734
-0.107822
-0.127110
-0.158971
-0.135350
-0.021821
0.122044
0.224311
0.255165
0.208014
0.078677
-0.125919
-0.333811
-0.441664
-0.429823
-0.373638
-0.325449
-0.289132
-0.251595
-0.194037
-0.114353
-0.042482
0.003052
0.036042
0.040040
-0.010651
-0.048830
0.000732
0.114444
0.192785
0.155461
0.022156
-0.113132
-0.182287
-0.188604
-0.176550
-0.212653
-0.324107
-0.419538
-0.434309
-0.437666
-0.454421
-0.462722
-0.462600
-0.343974
-0.053865
0.143071
0.038881
-0.263497
-0.500748
-0.419141
-0.114872
-0.029450
-0.245033
-0.311930
-0.012329
0.292764
0.258187
0.023835
-0.101840
-0.024751
0.079012
-0.005921
-0.236030
-0.418897
-0.517899
-0.607013
-0.700980
-0.707236
-0.554765
-0.342509
-0.236824
-0.261971
-0.284829
-0.185003
-0.014832
0.080081
0.111881
0.222938
0.405560
0.491440
0.407727
0.222755
0.019654
-0.171392
-0.349590
-0.506821
-0.594195
-0.543199
-0.367260
-0.157598
0.057161
0.270791
0.417188
0.454085
0.384747
0.237098
0.086428
-0.071352
-0.291421
-0.466170
-0.487655
-0.446913
-0.425794
-0.386944
-0.304056
-0.184881
-0.061464
0.024873
0.093509
0.179815
0.255318
0.263314
0.170110
0.026643
-0.087832
-0.152989
-0.200171
-0.258614
-0.325358
-0.365429
-0.339000
-0.246925
-0.135472
-0.039796
0.037965
0.103763
0.146245
0.154454
0.169317
0.226234
0.291604
0.326334
0.311991
0.241249
0.126347
-0.027406
-0.183416
-0.261910
-0.255135
-0.214454
-0.152562
-0.091006
-0.094882
-0.191290
-0.336436
-0.434248
-0.414167
-0.288949
-0.107059
0.090884
0.307932
0.518174
0.628407
0.623585
0.580462
0.536302
0.489608
0.445540
0.357952
0.159642
-0.106601
-0.321055
-0.444472
-0.548906
-0.657643
-0.706748
-0.670125
-0.579333
-0.480270
-0.355785
-0.118870
0.203101
0.434339
0.514023
0.520859
0.447798
0.296945
0.237159
0.229041
0.161351
0.226020
0.309702
0.238685
0.251961
0.224372
0.090670
0.170934
0.177038
-0.005646
0.088046
0.130039
-0.079470
0.011109
0.083621
-0.137547
-0.080355
0.085971
-0.131779
-0.251686
-0.057741
-0.122471
-0.307382
-0.151097
-0.089114
-0.245735
-0.067568
0.238197
0.189062
0.157231
0.407392
0.446028
0.227638
0.309061
0.472671
0.208136
0.029908
0.271065
0.324473
-0.000458
-0.094089
0.159185
0.162114
-0.139256
-0.103824
0.240699
0.179205
-0.151585
-0.064608
0.229255
0.115299
-0.188604
-0.080660
0.279702
0.249336
-0.149907
-0.238685
0.162755
0.409375
0.133915
-0.223731
-0.138829
0.222846
0.263039
-0.115574
-0.326090
-0.019257
0.387677
0.324351
-0.117740
-0.276955
0.066286
0.426771
0.342021
-0.048799
-0.209967
0.099857
0.478439
0.383190
-0.092807
-0.315928
-0.027650
0.388012
0.431166
0.064302
-0.290384
-0.251808
0.132115
0.463881
0.429914
0.116733
-0.153844
-0.242225
-0.210700
-0.091800
0.109073
0.319865
0.426160
0.315195
0.026917
-0.230903
-0.352092
-0.291879
-0.020875
0.228584
0.325449
0.404523
0.384045
0.128513
-0.159276
-0.291604
-0.353435
-0.395428
-0.276894
0.026124
0.247475
0.288675
0.331309
0.448714
0.480728
0.273965
-0.032197
-0.212409
-0.285012
-0.315531
-0.364635
-0.480422
-0.476302
-0.283334
-0.063295
0.171880
0.410932
0.535081
0.585467
0.599872
0.508713
0.418226
0.434584
0.428999
0.358440
0.262429
0.109684
-0.050172
-0.131901
-0.160619
-0.208014
-0.290323
-0.333567
-0.311991
-0.300516
-0.321512
-0.336222
-0.322794
-0.285287
-0.250130
-0.231391
-0.209021
-0.173925
-0.126011
-0.080142
-0.057131
-0.051271
-0.052492
-0.056246
-0.058565
-0.047914
-0.025758
-0.006317
0.014740
0.031770
0.023255
0.015320
0.023621
0.032167
0.039186
0.052492
0.052705
0.026826
-0.010681
-0.049715
-0.092898
-0.141514
-0.190802
-0.232612
-0.255348
-0.270638
-0.298227
-0.336619
-0.351817
-0.328532
-0.289895
-0.258919
-0.231727
-0.203619
-0.166845
-0.123020
-0.081912
-0.051576
-0.027894
0.001617
0.026276
0.027192
0.013672
0.002655
-0.002258
-0.002258
-0.007569
-0.035676
-0.085147
-0.078951
0.067324
0.314768
0.544511
0.677175
0.697531
0.662404
0.603534
0.512497
0.443922
0.416028
0.366771
0.282388
0.173345
0.033845
-0.077609
-0.110324
-0.094150
-0.068300
-0.044832
-0.030854
-0.002503
0.060152
0.116367
0.085269
-0.034822
-0.190527
-0.368114
-0.547136
-0.652913
-0.658467
-0.594531
-0.485824
-0.383312
-0.326518
-0.282113
-0.211127
-0.121494
-0.013520
0.102725
0.167669
0.161992
0.148076
0.129856
0.079165
0.033479
0.045351
0.120609
0.217353
0.288705
0.356792
0.466933
0.602710
0.683798
0.650533
0.538408
0.432875
0.364605
0.308725
0.242531
0.159551
0.068819
-0.012085
-0.059114
-0.082888
-0.101718
-0.097354
-0.070345
-0.046876
-0.032380
-0.012391
0.012055
0.034639
0.056490
0.068606
0.073641
0.081057
0.086367
0.099002
0.113895
0.082400
-0.009522
-0.112430
-0.189428
-0.248848
-0.305185
-0.369610
-0.433302
-0.482742
-0.534471
-0.583758
-0.588458
-0.533158
-0.456465
-0.393109
-0.337321
-0.268319
-0.196509
-0.140477
-0.100497
-0.073977
-0.049806
-0.025910
-0.023713
-0.042299
-0.060823
-0.079501
-0.091342
-0.093722
-0.095737
-0.096286
-0.121128
-0.162969
-0.128636
0.030671
0.232612
0.399243
0.525224
0.607196
0.618519
0.544725
0.431196
0.355296
0.316141
0.262703
0.187994
0.083865
-0.042787
-0.128880
-0.155705
-0.163671
-0.163305
-0.149632
-0.125492
-0.097934
-0.057497
-0.008301
0.022279
0.035218
0.049135
0.070193
0.072695
0.000855
-0.142582
-0.272835
-0.362285
-0.440596
-0.524430
-0.610981
-0.664357
-0.629994
-0.524705
-0.443648
-0.417341
-0.379284
-0.307779
-0.211585
-0.100833
-0.019929
0.011109
0.022584
0.028047
0.018616
-0.005127
-0.038667
-0.066530
-0.083407
-0.091098
-0.093844
-0.096866
-0.107761
-0.116642
-0.115940
-0.112644
-0.124454
-0.148320
-0.130680
-0.039216
0.077670
0.177984
0.265603
0.351299
0.438673
0.524003
0.581408
0.575457
0.506668
0.435011
0.397351
0.349254
0.267556
0.171941
0.072909
-0.005585
-0.040651
-0.054720
-0.056642
-0.042268
-0.028809
-0.010956
0.008759
0.012940
0.022828
0.044008
0.054079
0.054476
0.055910
0.061617
0.065157
0.062471
0.058931
0.061617
0.063173
0.065950
0.078890
0.099857
0.110721
0.087497
0.028382
-0.048036
-0.119877
-0.195135
-0.292001
-0.390454
-0.465224
-0.513504
-0.545854
-0.577197
-0.593860
-0.560045
-0.486618
-0.424787
-0.372997
-0.296274
-0.203589
-0.122471
-0.056124
-0.008667
0.016877
0.024903
0.018250
0.002228
-0.018189
-0.033296
-0.033784
-0.034120
-0.039521
-0.039369
-0.041505
-0.047761
-0.051210
-0.059328
-0.066134
-0.067965
-0.068697
-0.066530
-0.085818
-0.119694
-0.103916
-0.014374
0.103519
0.215064
0.319102
0.419752
0.522324
0.618030
0.670675
0.650380
0.583392
0.529679
0.500870
0.450179
0.360302
0.251198
0.138707
0.057375
0.024964
0.000305
-0.013672
0.006958
0.025575
0.038881
0.060610
0.081545
0.096591
0.108585
0.113285
0.113041
0.104617
0.098544
0.101077
0.093814
0.086428
0.088290
0.093753
0.098758
0.103061
0.112705
0.129887
0.136570
0.114383
0.071780
0.026124
-0.012665
-0.056459
-0.116764
-0.172491
-0.219855
-0.264412
-0.307474
-0.351299
-0.391125
-0.424818
-0.443251
-0.451125
-0.449171
-0.423933
-0.374615
-0.315806
-0.258675
-0.209510
-0.161534
-0.108463
-0.057711
-0.021393
0.000488
0.011719
0.019623
0.023713
0.017273
0.003510
-0.001007
0.000549
0.001404
0.003967
0.003143
-0.003601
-0.014618
-0.024842
-0.034700
-0.041261
-0.047487
-0.049532
-0.042177
-0.033937
-0.033631
-0.036287
-0.005676
0.078158
0.177313
0.276833
0.393780
0.523545
0.625416
0.661763
0.627918
0.566424
0.524369
0.493362
0.444288
0.366375
0.273751
0.186224
0.115726
0.065035
0.033692
0.022187
0.026032
0.033509
0.042390
0.058351
0.074923
0.091342
0.105136
0.109470
0.105472
0.096652
0.086764
0.082675
0.084445
0.088015
0.080477
0.051027
-0.003479
-0.065645
-0.119114
-0.168737
-0.220801
-0.276559
-0.326853
-0.365703
-0.397687
-0.420392
-0.418348
-0.389080
-0.345744
-0.293344
-0.234291
-0.171850
-0.112094
-0.061373
-0.026093
-0.001007
0.020051
0.030915
0.027314
0.021790
0.020447
0.010285
0.000885
-0.004303
-0.012543
-0.014710
-0.010071
-0.011628
-0.015778
-0.014954
-0.012268
-0.015687
-0.024567
-0.019684
0.017914
0.085849
0.170141
0.248604
0.325907
0.416822
0.502762
0.550127
0.547136
0.512619
0.472457
0.438398
0.404248
0.351421
0.281137
0.201270
0.124882
0.067537
0.029847
0.006317
0.000458
0.006928
0.018983
0.029420
0.034547
0.045595
0.057863
0.061800
0.055971
0.051393
0.054781
0.059236
0.057802
0.048250
0.040437
0.041658
0.045137
0.031831
-0.012848
-0.078707
-0.149602
-0.220527
-0.292367
-0.363903
-0.440779
-0.505081
-0.526872
-0.506485
-0.462935
-0.417493
-0.376873
-0.325602
-0.254921
-0.179785
-0.112278
-0.062349
-0.030488
-0.004852
0.006256
0.002197
-0.003113
-0.010865
-0.026399
-0.045442
-0.065279
-0.076785
-0.073244
-0.066378
-0.062014
-0.062746
-0.081118
-0.081698
-0.019410
0.098544
0.233680
0.366283
0.487808
0.569353
0.579241
0.527512
0.457259
0.405347
0.371410
0.328166
0.263405
0.176000
0.072329
-0.015137
-0.067141
-0.088717
-0.088961
-0.077792
-0.060366
-0.037416
-0.009125
0.016236
0.037263
0.054018
0.063295
0.064364
0.066012
0.075014
0.084475
0.070315
0.004212
-0.092532
-0.183844
-0.260475
-0.326518
-0.397748
-0.480850
-0.549760
-0.573779
-0.541765
-0.479934
-0.429365
-0.387341
-0.333720
-0.259804
-0.169591
-0.087313
-0.035218
-0.003601
0.015625
0.018464
0.010559
-0.002503
-0.020631
-0.037965
-0.049593
-0.061953
-0.071169
-0.073214
-0.073336
-0.083529
-0.115726
-0.142094
-0.100803
0.027558
0.213965
0.415967
0.572466
0.637196
0.614429
0.537217
0.447096
0.390851
0.360881
0.319865
0.254585
0.159215
0.035920
-0.070467
-0.125950
-0.139653
-0.132633
-0.114139
-0.090304
-0.066378
-0.035768
0.000031
0.028535
0.051668
0.076418
0.098727
0.089084
0.016419
-0.105838
-0.230598
-0.346538
-0.479568
-0.614673
-0.694143
-0.668050
-0.559069
-0.462844
-0.424421
-0.397229
-0.343638
-0.262337
-0.154637
-0.040040
0.044954
0.086062
0.100742
0.091891
0.058809
0.017487
-0.020112
-0.050478
-0.067904
-0.075106
-0.096408
-0.138615
-0.150334
-0.072146
0.091189
0.296579
0.491989
0.617481
0.649739
0.610828
0.524430
0.435835
0.387402
0.354198
0.297189
0.215827
0.108493
-0.020203
-0.124149
-0.160863
-0.153569
-0.137974
-0.115055
-0.080996
-0.045869
-0.010834
0.021424
0.042116
0.066134
0.103549
0.111026
0.041841
-0.088107
-0.218818
-0.331553
-0.460799
-0.610340
-0.705588
-0.676443
-0.567400
-0.476363
-0.435347
-0.400525
-0.335856
-0.249825
-0.144078
-0.024537
0.063936
0.102359
0.115085
0.104892
0.074679
0.038179
-0.000153
-0.030335
-0.045747
-0.062532
-0.102939
-0.142949
-0.112247
0.027375
0.242195
0.465773
0.621845
0.670919
0.647877
0.576098
0.473617
0.399487
0.365184
0.322703
0.260292
0.169469
0.033174
-0.093326
-0.147801
-0.145482
-0.126041
-0.102420
-0.076388
-0.048616
-0.020814
0.009552
0.054140
0.090609
0.066683
-0.020936
-0.135655
-0.265664
-0.424574
-0.592944
-0.696188
-0.682455
-0.577685
-0.459426
-0.388775
-0.353160
-0.304910
-0.234993
-0.146702
-0.037233
0.062929
0.126286
0.156468
0.160710
0.136479
0.092868
0.049898
0.018036
-0.015595
-0.072176
-0.122745
-0.084017
0.078219
0.308451
0.520920
0.646229
0.675039
0.657277
0.601459
0.502548
0.415662
0.369457
0.327280
0.262337
0.168065
0.045289
-0.070742
-0.133152
-0.142247
-0.127750
-0.107303
-0.081027
-0.043580
-0.003357
0.032075
0.069460
0.099734
0.076876
-0.015778
-0.137394
-0.263192
-0.407971
-0.560656
-0.660451
-0.661946
-0.578173
-0.469649
-0.398083
-0.360607
-0.309305
-0.232093
-0.134129
-0.017029
0.083682
0.134312
0.147343
0.145756
0.131169
0.104801
0.082400
0.063601
0.014222
-0.069643
-0.111850
-0.025178
0.180731
0.416761
0.590289
0.666280
0.676962
0.656209
0.582293
0.466933
0.389691
0.357616
0.308481
0.233222
0.131993
0.008332
-0.086459
-0.121311
-0.122288
-0.113071
-0.094729
-0.064302
-0.024537
0.018647
0.065554
0.102756
0.095370
0.027589
-0.070864
-0.164708
-0.265358
-0.408460
-0.576037
-0.678060
-0.655171
-0.543352
-0.430464
-0.372692
-0.343730
-0.290933
-0.208869
-0.109073
0.004639
0.096805
0.140202
0.152043
0.144169
0.115482
0.077517
0.042604
0.015534
0.000122
-0.019166
-0.072787
-0.128361
-0.098727
0.045289
0.255898
0.474075
0.634083
0.697073
0.687307
0.626820
0.523423
0.437788
0.404187
0.369610
0.300577
0.205329
0.076937
-0.056551
-0.134526
-0.145726
-0.135228
-0.125065
-0.100772
-0.063112
-0.022065
0.018036
0.049959
0.081545
0.119602
0.127110
0.060396
-0.066591
-0.200140
-0.316599
-0.441176
-0.583392
-0.680197
-0.667531
-0.567309
-0.460891
-0.400128
-0.365368
-0.313273
-0.232643
-0.129185
-0.015351
0.075014
0.121189
0.136448
0.133854
0.115360
0.083621
0.043489
0.001221
-0.030396
-0.053285
-0.086367
-0.130436
-0.140599
-0.057527
0.117283
0.328501
0.515824
0.628681
0.655385
0.621113
0.548357
0.470046
0.424207
0.392315
0.335978
0.249519
0.133274
0.001343
-0.100528
-0.145146
-0.148289
-0.133946
-0.112491
-0.085696
-0.051637
-0.013123
0.020905
0.047761
0.075869
0.112369
0.137303
0.108951
0.013977
-0.106021
-0.209235
-0.303781
-0.425306
-0.573840
-0.678426
-0.665792
-0.560167
-0.456130
-0.397473
-0.353832
-0.295206
-0.215247
-0.106693
0.013337
0.097385
0.134465
0.147343
0.141331
0.115543
0.083377
0.053133
0.019745
-0.015748
-0.043855
-0.062563
-0.081454
-0.115726
-0.153325
-0.136448
-0.017853
0.187048
0.425092
0.623402
0.721274
0.716727
0.645405
0.545579
0.465224
0.423353
0.385937
0.323649
0.236763
0.124851
0.000000
-0.097415
-0.138096
-0.140385
-0.135197
-0.122105
-0.092349
-0.053072
-0.009919
0.033845
0.066286
0.085940
0.111911
0.142613
0.137059
0.060335
-0.065065
-0.185583
-0.280862
-0.370373
-0.479232
-0.596332
-0.657582
-0.615711
-0.522172
-0.452467
-0.409528
-0.364116
-0.300790
-0.208228
-0.090854
0.015778
0.084201
0.120640
0.133580
0.120151
0.082553
0.036195
-0.000885
-0.024110
-0.045076
-0.065981
-0.077181
-0.091006
-0.129215
-0.166234
-0.133854
0.002594
0.214759
0.444380
0.620045
0.698782
0.695395
0.635334
0.544237
0.473006
0.436811
0.398907
0.339457
0.249733
0.120853
-0.012482
-0.098575
-0.129460
-0.129124
-0.115726
-0.094058
-0.065645
-0.029450
0.017548
0.064364
0.093265
0.103885
0.113742
0.134373
0.140202
0.085177
-0.029633
-0.151708
-0.245430
-0.321329
-0.410016
-0.526261
-0.634724
-0.662709
-0.595233
-0.501968
-0.441755
-0.399121
-0.338816
-0.251747
-0.140263
-0.027314
0.050172
0.089694
0.113163
0.117496
0.096377
0.064577
0.033845
0.005646
-0.019135
-0.041932
-0.060823
-0.067598
-0.076846
-0.113254
-0.153050
-0.128880
-0.007141
0.189306
0.412214
0.596149
0.693564
0.705283
0.645589
0.547014
0.470962
0.437483
0.404492
0.346660
0.259560
0.134709
-0.003815
-0.103397
-0.143742
-0.143315
-0.121586
-0.092471
-0.061983
-0.028321
0.007324
0.039216
0.063784
0.083560
0.110263
0.143803
0.145756
0.071322
-0.062960
-0.195685
-0.294107
-0.372326
-0.462020
-0.575823
-0.662496
-0.651692
-0.566027
-0.484420
-0.426344
-0.371593
-0.313639
-0.237403
-0.133702
-0.031678
0.040132
0.081149
0.102573
0.109378
0.097629
0.067873
0.028413
-0.011322
-0.045198
-0.069704
-0.079287
-0.079226
-0.091647
-0.123447
-0.130772
-0.055361
0.118442
0.350597
0.564806
0.696219
0.731986
0.694662
0.612049
0.528947
0.478164
0.443251
0.393048
0.313608
0.193243
0.040132
-0.088290
-0.141758
-0.137120
-0.115940
-0.096225
-0.076510
-0.053407
-0.019288
0.021363
0.053713
0.082858
0.123356
0.151677
0.117527
0.010681
-0.124882
-0.245125
-0.342204
-0.442610
-0.566210
-0.667776
-0.672628
-0.585803
-0.487320
-0.429273
-0.394391
-0.341777
-0.253945
-0.141636
-0.030274
0.057833
0.115177
0.143864
0.144475
0.119755
0.076266
0.024384
-0.017731
-0.035432
-0.039430
-0.053316
-0.086154
-0.109165
-0.070681
0.054842
0.247139
0.459822
0.629261
0.710807
0.715506
0.665731
0.579760
0.501083
0.449690
0.395062
0.316752
0.212195
0.077944
-0.050600
-0.124454
-0.142369
-0.137730
-0.125736
-0.101321
-0.070559
-0.045106
-0.018464
0.015168
0.056001
0.103000
0.117374
0.050325
-0.076876
-0.207739
-0.328715
-0.462813
-0.610828
-0.723838
-0.734733
-0.638508
-0.519181
-0.448653
-0.410474
-0.355876
-0.268441
-0.156133
-0.037355
0.058992
0.118259
0.147526
0.152074
0.130833
0.093142
0.055300
0.024934
0.005707
-0.016816
-0.068789
-0.126957
-0.116703
-0.000824
0.198492
0.435102
0.634480
0.734245
0.739616
0.678701
0.574602
0.476943
0.421552
0.378735
0.313822
0.218726
0.087588
-0.054842
-0.153905
-0.189306
-0.189367
-0.177831
-0.157933
-0.131901
-0.099826
-0.057375
-0.001740
0.056795
0.080050
0.023713
-0.098758
-0.236915
-0.380200
-0.541398
-0.692862
-0.770806
-0.735282
-0.613117
-0.483688
-0.409986
-0.378063
-0.332804
-0.249153
-0.136082
-0.011109
0.093509
0.152348
0.174902
0.170782
0.138279
0.094668
0.070040
0.051943
-0.007324
-0.096408
-0.119144
-0.002533
0.225990
0.474197
0.651936
0.728416
0.738762
0.705161
0.616504
0.501694
0.423078
0.384747
0.340251
0.258889
0.134190
-0.012696
-0.129490
-0.182623
-0.188299
-0.178289
-0.162114
-0.135655
-0.099002
-0.050478
0.011567
0.057009
0.037019
-0.058229
-0.182562
-0.305979
-0.454390
-0.623402
-0.742637
-0.760765
-0.685202
-0.562761
-0.459731
-0.406507
-0.363475
-0.295969
-0.205298
-0.094028
0.025117
0.114902
0.154881
0.160314
0.148473
0.127628
0.110019
0.083102
0.007355
-0.092135
-0.103641
0.040193
0.286325
0.525376
0.672201
0.719291
0.720420
0.692831
0.610309
0.502701
0.429212
0.385449
0.330058
0.241432
0.116733
-0.017914
-0.114109
-0.152928
-0.157109
-0.150273
-0.143559
-0.132664
-0.097964
-0.033540
0.025269
0.028718
-0.039277
-0.145421
-0.255165
-0.383343
-0.550401
-0.714133
-0.793420
-0.747520
-0.617817
-0.488632
-0.411878
-0.370464
-0.322367
-0.243446
-0.135044
-0.017701
0.079836
0.139958
0.162084
0.151250
0.123722
0.106845
0.089633
0.027284
-0.059633
-0.068972
0.060671
0.289102
0.518693
0.664602
0.724174
0.752617
0.753624
0.687765
0.578356
0.486648
0.425031
0.361797
0.272744
0.156102
0.025513
-0.083193
-0.134892
-0.143895
-0.143315
-0.136906
-0.119999
-0.088687
-0.030000
0.038759
0.063204
0.008728
-0.103427
-0.232429
-0.372051
-0.536210
-0.694510
-0.784020
-0.770806
-0.674490
-0.557390
-0.477401
-0.430372
-0.376690
-0.297067
-0.195502
-0.079714
0.030396
0.105319
0.137638
0.141514
0.131108
0.120884
0.103519
0.043306
-0.056124
-0.100223
0.001038
0.220618
0.454634
0.626423
0.716788
0.749718
0.742851
0.673544
0.555071
0.461409
0.415845
0.367473
0.283700
0.169805
0.040559
-0.069247
-0.128819
-0.145573
-0.146031
-0.141179
-0.127232
-0.101505
-0.054567
0.008942
0.050264
0.026337
-0.059969
-0.175054
-0.305612
-0.465102
-0.643605
-0.780602
-0.811335
-0.727653
-0.588305
-0.473983
-0.410565
-0.363842
-0.302194
-0.219703
-0.113163
0.004364
0.094089
0.131932
0.130497
0.116825
0.107212
0.090396
0.039918
-0.033326
-0.052278
0.037233
0.203619
0.395001
0.574114
0.701529
0.765130
0.768517
0.698813
0.582690
0.485153
0.426710
0.377880
0.305155
0.190527
0.047212
-0.072695
-0.130802
-0.143834
-0.142247
-0.131840
-0.116489
-0.100436
-0.063631
0.000916
0.057466
0.056520
-0.019868
-0.134587
-0.249763
-0.388379
-0.572588
-0.740318
-0.803858
-0.749016
-0.624744
-0.500107
-0.423261
-0.376110
-0.309915
-0.224647
-0.133213
-0.028504
0.067232
0.122745
0.144780
0.149510
0.143071
0.133946
0.104495
0.019898
-0.080142
-0.087985
0.037568
0.238838
0.450850
0.629383
0.745445
0.802728
0.795129
0.701498
0.567675
0.476943
0.431806
0.378277
0.293619
0.178564
0.046388
-0.061342
-0.118015
-0.141545
-0.151067
-0.146001
-0.129124
-0.106571
-0.073061
-0.018464
0.043336
0.068361
0.019501
-0.090884
-0.216559
-0.343425
-0.497269
-0.667714
-0.782434
-0.784753
-0.688894
-0.558000
-0.458205
-0.405255
-0.363475
-0.300882
-0.209418
-0.087130
0.039033
0.119663
0.148350
0.153600
0.147465
0.136631
0.120640
0.071047
-0.020478
-0.087344
-0.046693
0.111484
0.329447
0.538652
0.690542
0.773797
0.796319
0.747917
0.635762
0.519425
0.449507
0.408338
0.353893
0.266305
0.141209
0.003388
-0.099857
-0.151738
-0.170721
-0.167272
-0.146977
-0.121708
-0.092654
-0.051302
0.006409
0.057222
0.045503
-0.046236
-0.174505
-0.295541
-0.415052
-0.565355
-0.725578
-0.806848
-0.759850
-0.635365
-0.517808
-0.450667
-0.405560
-0.336772
-0.245125
-0.144169
-0.036592
0.056307
0.113102
0.141697
0.150456
0.140110
0.122410
0.096835
0.041414
-0.033021
-0.053316
0.030610
0.189764
0.377575
0.561907
0.707083
0.797601
0.826533
0.766289
0.638936
0.528489
0.465438
0.406446
0.326029
0.226936
0.104678
-0.021699
-0.109256
-0.150517
-0.165136
-0.161626
-0.144688
-0.119968
-0.084017
-0.035005
0.019135
0.052278
0.020722
-0.082156
-0.208472
-0.325022
-0.453078
-0.614002
-0.765648
-0.830378
-0.780023
-0.662069
-0.547960
-0.473525
-0.415998
-0.343486
-0.252510
-0.141697
-0.017304
0.082980
0.133244
0.149541
0.151006
0.133793
0.103153
0.077639
0.053926
0.000641
-0.075961
-0.095279
0.003784
0.183813
0.377850
0.557848
0.704428
0.796014
0.814875
0.744163
0.616565
0.515000
0.464766
0.415479
0.337230
0.230110
0.092959
-0.048494
-0.144505
-0.178747
-0.179205
-0.164129
-0.133732
-0.099002
-0.068880
-0.031281
0.023530
0.067690
0.054903
-0.027863
-0.147588
-0.270669
-0.405011
-0.569994
-0.733848
-0.815851
-0.773278
-0.653615
-0.539933
-0.467422
-0.413678
-0.348582
-0.261177
-0.149266
-0.023072
0.082461
0.141026
0.160405
0.158940
0.145482
0.125828
0.104404
0.065096
-0.009339
-0.076540
-0.060244
0.054201
0.217841
0.393750
0.564867
0.704794
0.786096
0.790857
0.716575
0.601459
0.512040
0.461623
0.405194
0.318094
0.203192
0.066622
-0.056887
-0.128239
-0.156194
-0.164586
-0.154271
-0.130375
-0.106876
-0.082400
-0.039827
0.022248
0.063021
0.032411
-0.067141
-0.188604
-0.308878
-0.441054
-0.590381
-0.720817
-0.776513
-0.734092
-0.630207
-0.526902
-0.458663
-0.408368
-0.342540
-0.250374
-0.136814
-0.019044
0.073275
0.129368
0.159612
0.161504
0.137242
0.111606
0.090060
0.041261
-0.029756
-0.060396
-0.001434
0.133885
0.297555
0.461409
0.615101
0.733146
0.786645
0.765557
0.678945
0.572954
0.496475
0.442000
0.376446
0.288461
0.173345
0.039003
-0.073885
-0.136021
-0.160985
-0.167882
-0.160649
-0.145146
-0.122715
-0.081393
-0.015168
0.046388
0.052858
-0.020569
-0.140599
-0.264748
-0.386303
-0.523667
-0.672719
-0.779138
-0.785760
-0.699332
-0.579730
-0.488113
-0.440291
-0.396954
-0.322977
-0.219825
-0.097446
0.022980
0.109439
0.150517
0.158300
0.150060
0.136814
0.115696
0.069979
-0.003082
-0.058718
-0.032350
0.090091
0.269784
0.457869
0.618549
0.734947
0.791833
0.769189
0.673727
0.554918
0.467391
0.416272
0.361003
0.274331
0.158971
0.031434
-0.076662
-0.139073
-0.165654
-0.173956
-0.163976
-0.143406
-0.116520
-0.067080
0.003693
0.045778
0.009308
-0.097293
-0.221870
-0.335643
-0.459456
-0.611133
-0.749535
-0.804193
-0.748527
-0.626270
-0.508560
-0.432813
-0.379406
-0.315714
-0.228950
-0.117893
0.000427
0.091403
0.139256
0.153874
0.146672
0.132725
0.122806
0.102603
0.041108
-0.046571
-0.078951
-0.004151
0.148808
0.329478
0.510727
0.671316
0.786523
0.823115
0.760277
0.631794
0.513321
0.442732
0.394910
0.337504
0.252693
0.131809
-0.002716
-0.109317
-0.167150
-0.181341
-0.173284
-0.159093
-0.135258
-0.095431
-0.041932
0.010437
0.022401
-0.032228
-0.132237
-0.243324
-0.360057
-0.501724
-0.666066
-0.794671
-0.818964
-0.736290
-0.607288
-0.497513
-0.430433
-0.379437
-0.310587
-0.219337
-0.110691
0.010254
0.114017
0.169805
0.183142
0.177221
0.161290
0.139134
0.100192
0.026124
-0.054994
-0.055361
0.062044
0.237709
0.412549
0.578814
0.722465
0.811823
0.826075
0.757164
0.633412
0.526811
0.472427
0.430616
0.361400
0.259224
0.122440
-0.025544
-0.137181
-0.192816
-0.205298
-0.193945
-0.173162
-0.143437
-0.093478
-0.027619
0.022126
0.011017
-0.077425
-0.207434
-0.337901
-0.470504
-0.619983
-0.751488
-0.805933
-0.764183
-0.660054
-0.552416
-0.482345
-0.437269
-0.378735
-0.286630
-0.166082
-0.038392
0.067141
0.127995
0.149602
0.159490
0.164464
0.145085
0.087771
0.021882
0.018799
0.108707
0.254616
0.420881
0.584185
0.707389
0.780908
0.813166
0.782617
0.685842
0.576739
0.493484
0.422559
0.342296
0.240883
0.114689
-0.010346
-0.093783
-0.133824
-0.154057
-0.160192
-0.148900
-0.119633
-0.068514
-0.016968
-0.018128
-0.095584
-0.210303
-0.317850
-0.435011
-0.589404
-0.742546
-0.821406
-0.797784
-0.699118
-0.584826
-0.498032
-0.431135
-0.356639
-0.264931
-0.155004
-0.036714
0.060366
0.113254
0.132572
0.137059
0.134892
0.120029
0.076510
0.018525
0.008332
0.086306
0.226997
0.392712
0.559618
0.699606
0.788110
0.818537
0.784143
0.685202
0.571276
0.494552
0.432722
0.346110
0.238411
0.110569
-0.024171
-0.115146
-0.148320
-0.156987
-0.158818
-0.151280
-0.125706
-0.069887
-0.003296
0.014466
-0.049776
-0.162694
-0.278237
-0.397778
-0.546281
-0.711203
-0.828211
-0.836634
-0.743980
-0.614551
-0.511673
-0.448561
-0.392071
-0.313791
-0.210364
-0.088565
0.022095
0.092624
0.127781
0.145604
0.151738
0.138493
0.086398
0.010010
-0.014832
0.059542
0.194220
0.344401
0.508621
0.673696
0.803583
0.867763
0.842708
0.734825
0.602191
0.506394
0.443251
0.372234
0.277627
0.161779
0.031648
-0.080020
-0.142430
-0.165349
-0.172948
-0.168706
-0.149144
-0.105197
-0.039369
0.005127
-0.023652
-0.120548
-0.237037
-0.346019
-0.470016
-0.634724
-0.795618
-0.866848
-0.817408
-0.693167
-0.563952
-0.476852
-0.419782
-0.352916
-0.265023
-0.159032
-0.042482
0.056978
0.115207
0.141728
0.153783
0.151402
0.121281
0.060549
0.007447
0.022919
0.120762
0.259163
0.412366
0.581500
0.741844
0.847621
0.869198
0.798242
0.667440
0.545640
0.470595
0.412275
0.332774
0.224891
0.096316
-0.027802
-0.109745
-0.148381
-0.167119
-0.172613
-0.160894
-0.128697
-0.070040
-0.009949
-0.004547
-0.073885
-0.180517
-0.282998
-0.384167
-0.520829
-0.696738
-0.841060
-0.871151
-0.783929
-0.649068
-0.532060
-0.450789
-0.388653
-0.323222
-0.240181
-0.132359
-0.017090
0.068361
0.113132
0.137913
0.154241
0.149937
0.104862
0.031800
0.001068
0.065493
0.184881
0.308267
0.442457
0.602191
0.759087
0.862300
0.871853
0.784783
0.649861
0.539628
0.474166
0.408948
0.318003
0.207312
0.083163
-0.032044
-0.107364
-0.142186
-0.155614
-0.160619
-0.157262
-0.131565
-0.070498
-0.002869
0.006867
-0.064913
-0.177313
-0.286843
-0.390484
-0.519303
-0.686819
-0.829951
-0.868282
-0.795190
-0.668020
-0.548967
-0.467696
-0.405652
-0.332621
-0.238563
-0.125156
-0.010865
0.074892
0.122837
0.147984
0.158238
0.149846
0.109226
0.041536
0.002350
0.045228
0.150334
0.274056
0.408948
0.561632
0.718619
0.837245
0.866909
0.799829
0.682394
0.573687
0.499649
0.437452
0.355998
0.248054
0.118625
-0.004730
-0.084384
-0.122166
-0.144444
-0.156621
-0.154820
-0.134495
-0.085543
-0.025544
-0.005799
-0.057131
-0.157262
-0.261910
-0.360424
-0.481368
-0.640614
-0.793268
-0.864589
-0.823450
-0.705771
-0.578570
-0.489792
-0.430860
-0.363384
-0.274026
-0.166997
-0.053102
0.039186
0.094028
0.129917
0.158208
0.162053
0.122288
0.053163
0.014588
0.050386
0.140080
0.244148
0.351299
0.481002
0.644307
0.801752
0.884945
0.857479
0.744407
0.613727
0.518937
0.453017
0.380993
0.282723
0.158910
0.035066
-0.053041
-0.102206
-0.132786
-0.148137
-0.148900
-0.137516
-0.099765
-0.042360
-0.018189
-0.061495
-0.149266
-0.241462
-0.329295
-0.433637
-0.576464
-0.740745
-0.858089
-0.862789
-0.766625
-0.639149
-0.531419
-0.453475
-0.391278
-0.316813
-0.211554
-0.091098
0.014527
0.086612
0.126408
0.148381
0.159795
0.151189
0.110569
0.046541
-0.000275
0.017518
0.103549
0.214728
0.316446
0.420392
0.555620
0.712027
0.833491
0.865261
0.795190
0.672414
0.562578
0.487106
0.424512
0.350017
0.250099
0.126804
0.005402
-0.079440
-0.121372
-0.149083
-0.168035
-0.155461
-0.112064
-0.067263
-0.055605
-0.096286
-0.170385
-0.245827
-0.318125
-0.405103
-0.518113
-0.646413
-0.757927
-0.812037
-0.780572
-0.680410
-0.567034
-0.480789
-0.416364
-0.348460
-0.259926
-0.148961
-0.037690
0.043123
0.089938
0.122837
0.146794
0.148595
0.115909
0.062075
0.038026
0.077792
0.155522
0.234352
0.309153
0.395459
0.506333
0.631672
0.742912
0.808649
0.805567
0.731254
0.618976
0.514878
0.436903
0.365276
0.277017
0.170141
0.060915
-0.026032
-0.080050
-0.114597
-0.136265
-0.132237
-0.098422
-0.064608
-0.070498
-0.118320
-0.179693
-0.239998
-0.307505
-0.392376
-0.492355
-0.582965
-0.647755
-0.696341
-0.725700
-0.708640
-0.633747
-0.526780
-0.429640
-0.357494
-0.279275
-0.177099
-0.071841
0.011200
0.061647
0.089602
0.112796
0.123447
0.104740
0.082919
0.097629
0.143468
0.194037
0.246651
0.310648
0.390393
0.484603
0.571307
0.630390
0.674581
0.710959
0.714438
0.660787
0.564928
0.468001
0.388958
0.311686
0.220374
0.118076
0.023774
-0.042543
-0.081912
-0.103244
-0.107608
-0.102268
-0.106815
-0.133061
-0.173956
-0.215674
-0.251473
-0.291055
-0.348613
-0.417951
-0.476455
-0.516312
-0.544206
-0.563128
-0.570879
-0.559923
-0.525498
-0.475326
-0.416456
-0.342540
-0.254189
-0.165685
-0.093631
-0.045808
-0.013825
0.020569
0.064730
0.111515
0.150975
0.186987
0.233772
0.286874
0.331675
0.369640
0.404584
0.434217
0.463210
0.488693
0.495071
0.487564
0.480636
0.471419
0.449568
0.412122
0.362865
0.302591
0.233894
0.166387
0.106326
0.056459
0.022004
-0.008759
-0.053774
-0.106510
-0.154820
-0.200079
-0.245033
-0.289071
-0.334635
-0.380902
-0.417096
-0.439039
-0.450240
-0.447890
-0.432142
-0.411084
-0.387402
-0.361858
-0.335734
-0.299600
-0.248787
-0.191168
-0.139286
-0.097354
-0.064791
-0.038789
-0.012909
0.014466
0.041505
0.071902
0.107028
0.141026
0.177435
0.218909
0.255959
0.282693
0.304727
0.325236
0.337443
0.334208
0.323618
0.316111
0.311716
0.306162
0.293466
0.271249
0.241310
0.201086
0.150548
0.102115
0.061556
0.024903
-0.013550
-0.059969
-0.108493
-0.147710
-0.182409
-0.216132
-0.240333
-0.256417
-0.268899
-0.277261
-0.285409
-0.294320
-0.295694
-0.287973
-0.277383
-0.270119
-0.265084
-0.255867
-0.236396
-0.209601
-0.179632
-0.146886
-0.114322
-0.084048
-0.051546
-0.017273
0.011658
0.036256
0.058870
0.082247
0.110446
0.139592
0.163762
0.183294
0.200049
0.213752
0.221839
0.222694
0.219031
0.214240
0.208594
0.204291
0.199805
0.192175
0.180242
0.163030
0.140355
0.114261
0.088534
0.062410
0.035524
0.016175
0.003388
-0.013123
-0.032136
-0.051576
-0.073946
-0.094241
-0.109531
-0.121647
-0.131809
-0.143345
-0.152776
-0.156713
-0.164678
-0.178625
-0.190985
-0.199774
-0.200690
-0.188330
-0.166784
-0.138554
-0.105960
-0.075228
-0.044527
-0.009583
0.019288
0.031770
0.034761
0.036378
0.034303
0.025819
0.012238
0.001282
0.001343
0.012207
0.025971
0.037996
0.049104
0.060823
0.075503
0.097079
0.124729
0.150273
0.165197
0.168981
0.166570
0.161931
0.150517
0.128758
0.098086
0.067171
0.043947
0.025910
0.008759
-0.005860
-0.020936
-0.039216
-0.055513
-0.066439
-0.074099
-0.080630
-0.084689
-0.082888
-0.077578
-0.074526
-0.075259
-0.076632
-0.075961
-0.072054
-0.065004
-0.056459
-0.044527
-0.028657
-0.012513
0.004456
0.025483
0.044465
0.054872
0.058535
0.058626
0.057772
0.056185
0.049257
0.039399
0.033296
0.029572
0.024903
0.023225
0.023591
0.020081
0.012268
0.005158
0.000305
-0.002686
-0.005005
-0.005371
-0.003327
0.000031
0.000275
-0.002930
-0.006043
-0.008057
-0.010407
-0.012452
-0.012696
-0.010620
-0.008698
-0.008576
-0.007202
-0.006867
-0.011231
-0.017731
-0.024659
-0.031404
-0.033998
-0.032685
-0.030610
-0.028260
-0.025452
-0.022431
-0.020112
-0.017853
-0.010590
0.000488
0.007630
0.012513
0.018006
0.021790
0.023927
0.027131
0.028779
0.029054
0.028199
0.024445
0.018616
0.014801
0.014466
0.016205
0.019990
0.024232
